-55.4
5.875
35.6
0.052
25.6
-84.3
-64.6
-3.75
36.6
23.3
55.5
0.00013
-20.16
19.375
-103.5
0.00065
-33.125
-22.3
-1.25
69.6
34.2
-55.6
-9.8
30.3
0.00035
26.8
0.625
-35.2857142857143
0.0007
0.04
48.6
0.00083
-22.2
-64.5
46.6
-23.3
6.4
-17.8
0.000895
9.57142857142857
4.125
0.036
-12.33
20.3
32.8
14.404
26.3
-8.85714285714286
-35.83
0.00044
4.28571428571429
-40.1428571428571
75.3
0.0107
-1.85714285714286
2.6
33.75
19.2
2.5
-20
-10
4.8
47.25
74.5
